Epoch	Time(sec)	Loss_train	MAE_dev	MAE_test	RMSE_dev	RMSE_test	R2_dev	R2_test
1	75.82078900607303	272909.42176398967	0.9840210816540786	1.00110910256721	1.2983047745757605	1.340101332514255	0.24399945223765707	0.20405470711327245
2	162.7941505741328	182067.9585505114	0.8305929863052888	0.8467054543531815	1.0954010341902518	1.142266930267125	0.46183543954958295	0.42171337451231383
3	249.66045632772148	156923.8176688401	0.8144584659458175	0.8296626629951138	1.0817753699173815	1.1202148182744704	0.4751405996439585	0.44382614786036156
4	333.53158040205017	143205.24567665404	0.7867160877012354	0.8103943786119149	1.0528239546073188	1.1055223494246111	0.5028581578834129	0.4583197587444976
5	417.69999795686454	134607.83409863838	0.7655085120850305	0.7872968932031205	1.0523435295043346	1.1004354997276957	0.503311766344724	0.46329316637142026
6	504.75964713282883	128848.4729102865	0.8036079894957934	0.8188141359797709	1.0570586686312342	1.1030921571640695	0.49885086408593504	0.4606986166118414
7	585.8216596101411	125067.2535803038	0.76830664114686	0.7866665524329269	1.0391425821368416	1.0859711881585155	0.5156948522634922	0.47730957195722123
8	662.3463243548758	119813.76504318061	0.7616839798297449	0.7886785888298804	1.0365508028071684	1.0960401447987111	0.518107700602098	0.46757202840224044
9	739.3381558647379	117760.45577152468	0.7791753278797923	0.7861757814932392	1.0744752607409818	1.1262631143123085	0.48220048089831125	0.4378041147733517
10	812.8128970409743	105872.27851623582	0.7469949707322815	0.7712254559352252	1.0384184714033826	1.094890458492886	0.5163695784754225	0.46868841835884567
11	899.9156027589925	103118.67972429759	0.7555505113575205	0.774094871615747	1.0354120857882938	1.0910175650120166	0.5191658977474165	0.472440526762567
12	987.1394965029322	101569.67469034984	0.7460078289516275	0.7637851127961957	1.0395626830425195	1.092733208114156	0.515303186747839	0.4707800302763956
13	1066.6377013199963	100029.66992343371	0.7620920368942078	0.7756050596435331	1.0471595092454609	1.0948478016638061	0.5081932517964423	0.46872981725068086
14	1144.0761486031115	98672.13940821901	0.7687713890994996	0.7817664512933848	1.0430782356633803	1.0899546347675628	0.5120193859692993	0.4734679818219494
15	1221.58121904172	98364.30856959577	0.7412731940871818	0.765439141572282	1.0349434190715578	1.0982979702168796	0.5196010866773227	0.4653761825709699
16	1299.3392203669064	96894.94564099137	0.7508892380667044	0.7628564256095195	1.0346260344034923	1.084997410486048	0.519895688039602	0.47824653248410354
17	1376.5897673028521	95987.55933927285	0.7487684874730288	0.7631672883624955	1.0304150544004036	1.0837120710443413	0.5237958323622328	0.4794819881154556
18	1454.2473730081692	95355.48928199468	0.7506301563147499	0.7618487186305554	1.0452521462239122	1.0994258629744218	0.5099832363811079	0.4642775591164535
19	1532.8302203961648	94548.39386876512	0.7503566136469092	0.7619812866337905	1.051537044963474	1.0985187507701193	0.5040727685800078	0.46516122013076244
20	1610.557319081854	88827.14628329208	0.7491368734805823	0.7610751800836411	1.0434725118875061	1.095016779393849	0.5116504097791548	0.46856581316333834
21	1687.621810222976	87658.76005932387	0.7527666890350737	0.7611173892409893	1.0557169156601172	1.1042683391047998	0.5001223007671572	0.45954793356782875
22	1764.9994157790206	87061.49079950969	0.7504470574240251	0.7624891345913795	1.0455403236355467	1.0981707986786133	0.5097130025829891	0.4654999832132225
23	1842.192264223937	86613.38311076006	0.7546367042662817	0.7634277580805758	1.0438902271115118	1.094164481148662	0.5112593465048542	0.46939276698171195
24	1919.368105709087	85757.67093187317	0.7499537232917025	0.7641051704411796	1.0483806685756303	1.1031319144284955	0.5070455286885243	0.460659741284966
25	1996.5646068248898	85468.10167168363	0.7543638965707515	0.7691453903250256	1.0469797114435437	1.1059318706472538	0.5083621242177689	0.45791837266448665
26	2074.620872564148	85112.13183797228	0.7515908074225529	0.7639109873304964	1.0563646937800963	1.1113910040169657	0.49950867191498705	0.45255348561983744
27	2152.199504032731	84426.87722246682	0.7557192777926882	0.767029614788294	1.05795755695155	1.1136080601400873	0.49799817983306527	0.4503671619308698
28	2230.1353111537173	84101.64560255532	0.7573826942538356	0.7741207071711393	1.0467106093232397	1.1084432859109865	0.5086148202173313	0.4554535954500375
29	2307.6547368629836	83526.39112058976	0.7542813383071072	0.7623804256401785	1.0484262053188025	1.104667816125727	0.5070027044943426	0.4591568379886726
30	2384.5210794978775	80453.23478848765	0.754039908652531	0.7625974276234194	1.059008216092711	1.1133658206287589	0.49700060730305284	0.4506062555829574
31	2461.635551873129	79821.9079673502	0.7537408719548849	0.7689716164954108	1.0602120154176289	1.1211598466667831	0.4958564150880934	0.4428873604520369
32	2538.890189221129	79682.3589499941	0.7488214532559765	0.7623758982259119	1.0507386016274858	1.1096746738955767	0.5048256083642202	0.4542430321861878
33	2616.3854106240906	79175.12107803264	0.7501819931940248	0.7644495700524598	1.050661127042457	1.1121023991985564	0.5048986275073548	0.45185242639991074
34	2694.479176388122	78908.83281977866	0.754100190851514	0.7660482915133688	1.0574718099419549	1.1199210311541044	0.4984590488009626	0.44411783350064615
35	2772.4352647080086	78524.07248138613	0.7498105388528702	0.7652376099238222	1.0477931324180614	1.1125112060508753	0.5075978994588342	0.4514493561948171
36	2850.1890845438465	78429.10761047766	0.7502069989914599	0.766038626526228	1.0513281546547608	1.1142278955692402	0.5042697832326666	0.4497551392090269
37	2926.667847604025	78265.24992753353	0.7524063044179345	0.7653073884914424	1.057643450430984	1.1163157815662677	0.4982962232398076	0.4476910643027253
38	3003.843337451108	77977.74226258157	0.7529204661478275	0.7665214095678881	1.0587345515437416	1.1196711620561812	0.49726053978321394	0.44436585506050963
39	3081.340548504144	77792.67961497123	0.7565030352196913	0.7682420194477374	1.0634914715948995	1.1220230364100499	0.49273274964010505	0.4420291794536221
40	3158.8994191619568	75947.70749151826	0.7558491049354803	0.7655111057582252	1.0627766998213113	1.1197420603153654	0.49341438833102835	0.44429548664848906
41	3236.707190430723	75692.70283992759	0.7547453544545912	0.7653861531610759	1.0614553380174454	1.1179009171974736	0.4946732920165571	0.4461214257307944
42	3318.5294959200546	75578.07356296445	0.7556779194073471	0.766549740912596	1.0613530075757152	1.1174578083752464	0.4947707201622503	0.4465604267871066
43	3396.909968536813	75456.47555324368	0.7568979550675992	0.7678418916875597	1.0664117002297304	1.1238653816415407	0.48994312662647266	0.44019531542956125
44	3474.1328423749655	75244.19678829142	0.7557109580723184	0.7666035871759647	1.0628882767458365	1.1201638345403548	0.49330801371508015	0.44387677239070245
45	3551.3987290207297	75059.28383881068	0.7702452668825752	0.7794001308544879	1.0648379157458192	1.123398368156271	0.4914474748552402	0.4406604636976137
46	3628.809880975168	75087.16167061817	0.7569842084956437	0.7663777748652828	1.0645460454372047	1.1204814775261025	0.4917262234570099	0.44356132980454877
47	3705.8551911637187	74844.72480284885	0.7574982113242693	0.767991762413949	1.0673402047982596	1.1259586866326017	0.48905454614664823	0.4381079955560022
48	3782.803067486733	74610.76610122918	0.7556032964473424	0.7674325823779242	1.0614001496788634	1.1201653072360664	0.49472583764040134	0.44387531010312353
49	3860.8813116718084	74557.59537381478	0.7594887157807331	0.7702730980038712	1.0682849137374577	1.1278637511912386	0.48814966436018903	0.43620500191775313
50	3940.9655927801505	73504.21992238403	0.759310072289399	0.7705450086986129	1.0679331129340004	1.1283667823897785	0.4884867274551814	0.43570198066530363
