Epoch	Time(sec)	Loss_train	MAE_dev	MAE_test	RMSE_dev	RMSE_test	R2_dev	R2_test
1	91.33537325076759	309808.07906140253	1.1695399145241003	1.1602804081325802	1.5134530060699471	1.5160292565504316	-0.027322221720655016	-0.018645581166611302
2	177.51459794165567	278282.9093691498	1.0818987528458546	1.0651109981587146	1.3783008562330197	1.3758727968558901	0.14796614092101235	0.1609950776521354
3	263.5220136917196	266736.0470098022	1.070891378034103	1.0623526737311213	1.3650433919807774	1.3624890926185416	0.16427822964088157	0.1772384093658781
4	349.3254973855801	259605.91754102727	1.0539754955969038	1.0420285552867052	1.3602715740470979	1.3495388078153785	0.1701109259937088	0.19280456661268963
5	444.6124763558619	253882.97505459856	1.0575255347973769	1.0407836192588706	1.373992686664786	1.3640431108764557	0.15328423898848398	0.17536049973515944
6	531.5284375767224	250165.72727136363	1.0548850600023927	1.046490248509365	1.3535437945923923	1.3502787340745137	0.17829973695579893	0.19191918439402422
7	619.6710444446653	246702.30621150573	1.0689284790599392	1.0626495456520215	1.366882544177258	1.3661325000778928	0.16202474089714913	0.17283226223217318
8	719.6464238478802	245284.5239075455	1.0351866331601365	1.0261792449722227	1.344104097217662	1.3437432164082022	0.1897209474678524	0.1997226777255091
9	806.9550084196962	243103.44164217467	1.0336440936546394	1.031474203131284	1.3380734388353397	1.3446163620718954	0.19697567406723326	0.19868232167087396
10	892.7537672426552	237030.54268596752	1.0478167776825353	1.0410970256148522	1.3614568420793522	1.3645897043590052	0.1686640538328319	0.17469947534008723
11	978.9311213507317	235459.16230465772	1.032191174302836	1.0288886188426405	1.3412339404201492	1.3485209088046832	0.1931777405832884	0.19402177291041967
12	1074.269339788705	235533.38848283395	1.032026695793954	1.0275644772683323	1.3429657771826284	1.3448975485846375	0.1910928148848855	0.19834714311826518
13	1160.8258645217866	234783.1717330856	1.041510150965291	1.0320826021244254	1.3504336013333225	1.3466511030394415	0.18207162882616612	0.19625529845203138
14	1246.4595095156692	233726.5013850771	1.0282978257444026	1.0236100838519475	1.3339773160393984	1.3425473266542123	0.20188459992298446	0.20114648782388977
15	1332.1153629436158	233491.08004544716	1.0303827263986807	1.0242746944729524	1.3407368803161421	1.345352136998586	0.19377564499313094	0.19780511864921502
16	1431.1476703519002	232860.26510084857	1.0314125626516164	1.0261973739398926	1.3344968151968668	1.340545981608494	0.201262848702773	0.2035264260644607
17	1517.094864553772	232032.74384228978	1.0396218779744513	1.0337978945746817	1.3470695506974664	1.3491286931273352	0.1861416183066359	0.19329509330335404
18	1605.8890579547733	231760.42744983308	1.0388629485232463	1.033032581792244	1.3408978806185519	1.347173464477	0.1935820049725876	0.1956316377799222
19	1691.8800543108955	231182.5950167266	1.027712194967953	1.02911055554352	1.331499431518267	1.345647756733726	0.2048468707577501	0.19745254078322083
20	1777.9437403138727	227973.08716411947	1.0344866305243552	1.0318006520959855	1.3443870045316166	1.356857161650869	0.1893798161590845	0.18402622086694476
21	1866.7105859229341	227607.73940978365	1.0252846739150152	1.0291200027453014	1.3405757359196222	1.3572139817441597	0.1939694350373078	0.18359700232922538
22	1952.9223927869461	227371.9499160761	1.031595396113775	1.0286034742511303	1.3376161907973119	1.3493302602129715	0.19752440114013203	0.19305402318916476
23	2041.459726342	226999.9042163643	1.0234702821753305	1.0245971107805263	1.3351680365325873	1.3489631811419251	0.20045915364425226	0.19349301532711394
24	2127.265806089621	226494.2017390994	1.0231588244296088	1.0241398860441218	1.333891353193293	1.345809339306848	0.20198745933429996	0.19725979276491268
25	2223.033277732786	226692.52897549263	1.025582604984372	1.0257743776315267	1.3352301464880636	1.348830516963445	0.2003847651028099	0.19365163985719602
26	2316.589522317983	226411.6928948716	1.0242936238174647	1.0268898306739107	1.335962241353437	1.3509588455254498	0.1995076808151116	0.19110494743654893
27	2406.310593278613	226152.43290768488	1.0267909947829679	1.028364436674116	1.3428483864821594	1.3568632494120143	0.19123422434217485	0.18401889885140432
28	2501.6132599245757	225810.12230124162	1.0261860818672368	1.0243567136059544	1.3383474549008778	1.3505882233567787	0.19664674728274567	0.1915487112370302
29	2600.1988605186343	225892.92039858212	1.0347433901292606	1.0279523273309334	1.3442091014943638	1.350413496537077	0.18959434106967643	0.19175787785462828
30	2697.40458731167	223982.31663222358	1.0241896008568283	1.0230339083003868	1.3331138318018918	1.3443032833831459	0.20291750657372287	0.19905543371728518
31	2783.7929006037302	223822.5367670898	1.0260081373001584	1.0253554725167655	1.3383379758717096	1.3507478629520742	0.19665812696134832	0.19135758197672592
32	2869.5324711096473	223694.53467431292	1.0219895438630924	1.0248310786254966	1.3344654552279396	1.3491510647841867	0.2013003880624008	0.19326833903583596
33	2955.2716914545745	223711.9102674348	1.0252981120121947	1.0228423943655758	1.334474384127993	1.3449351729789103	0.20128969983838108	0.1983022889580568
34	3040.891315539833	223537.15722218965	1.025714871749379	1.024885991078188	1.3379777103101809	1.3509727829118177	0.1970905699800506	0.19108825715605615
35	3126.5656074318103	223213.46327244106	1.0254810993065677	1.0228609712329686	1.3341656867845477	1.3461455631596506	0.20165918048642095	0.19685864512529994
36	3212.261091262568	223230.36613121445	1.0241806430248226	1.0246119723032092	1.3329225707142986	1.3474819645962377	0.20314620411618012	0.19526319799859349
37	3297.935947461985	223136.93798885567	1.0216746878852978	1.021765558881386	1.3295867730109647	1.3420930371315951	0.207129656659507	0.20168702650409942
38	3383.6026895935647	222937.3188227249	1.0239153497472768	1.0234254176578035	1.3365805561398973	1.350164885508932	0.1987665359522156	0.19205544509483274
39	3469.173600213602	222846.69527222164	1.0227504102774667	1.0222718342614021	1.332250401253822	1.344721871313074	0.20394968024561466	0.1985565612835114
40	3554.648410615977	221782.8685679759	1.023305215795147	1.0247830051178812	1.3366706883317303	1.351138761470436	0.19865847009277482	0.19088948149685303
41	3640.162144521717	221710.80146792845	1.0243956776852032	1.0252135669276286	1.3375860391054757	1.351870798168609	0.19756057851959852	0.19001250414892756
42	3725.6068686768413	221619.42091799233	1.0265852008571354	1.0275379345071953	1.3415507384564513	1.3550813706731197	0.19279655444429433	0.18616063961805118
43	3811.052698462736	221509.53273959795	1.0233975533805797	1.023158305955081	1.3332018564869992	1.3469381767928041	0.2028122413664729	0.19591258369662168
44	3896.5067576216534	221348.31307510225	1.0234375091573542	1.0242793943001849	1.335878317650398	1.350106562773313	0.1996082497795698	0.19212524474586434
45	3981.9596992498264	221308.66548064168	1.0311395135036225	1.030218893291025	1.3433467347304813	1.356403183990428	0.19063382626356062	0.18457214700827307
46	4067.5698659196496	221299.96055003052	1.0230429893994786	1.0240929640499556	1.3358205404813086	1.3511213132548685	0.1996774826862462	0.19091037860082538
47	4153.256029893644	221282.01877027345	1.0232519418469843	1.0233675389450776	1.3344477487879705	1.3486338713257129	0.20132158311522708	0.19388673733898387
48	4239.076079424936	221184.64585065306	1.0221574121733887	1.022773313440967	1.3332034811308129	1.348085771261725	0.20281029845446263	0.1945418312940358
49	4324.713730637915	221139.7991654533	1.024722256857631	1.0278032647278081	1.34171204228676	1.358003858202216	0.19260243158096368	0.18264645928278922
50	4410.343008171767	220673.98164847054	1.0225617957860584	1.0241099993347658	1.3358166747614677	1.3515710507357646	0.19968211477276365	0.1903716579319752
